3403911096
3409723807
3436537035
3400142576
3399660368
2837923608
2990322197
3058134369
3386961288
3465040406
3476595954
3404288341
2861393067
3488174689
3526968739
3470852353
2841969842
3217685049
2753086629
2791656602
2719850086
3413713793
3393821407
3392259028
3401825906
3430172149
3432006285
3416833689
3418061837
3444384263
3389003300
3416036048
3549290115
3551139118
3540903327
3386906181
3402516345
3389805754
3404869345
3402789975
3559704439
3547444619
3418513380
3546314080
3433203442
3404074048
3438123707
3315302991
3369825662
3206579556
3409836763
3459200930
3409527910
3417917173
3388844065
3389050623
2335368829
3388721641
3435613327
3387539308
3388183573
3437552077
3388380529
3387222454
3490159683
3422249642
3435936144
3416208765
2850935956
3438621136
3054341059
3197857648
3406694220
3415021115
3428369137
3409272479
3464700263
2674541310
3363546437
3432928943
2914075159
3392001801
3444499190
3473886171
3414409419
2959472220
3153010942
2940354599
3453676250
3307376332
3411888105
3431256608
3475347500
3538760023
3042138819
3282215361
3410972667
3342191739
2897115343
2544353492
2875059598
3031475005
2969478819
3426448380
2948824747
3496043022
3470422050
2553809727
3433660118
2737665235
3025593219
3531611692
3403870858
3418843205
3434810293
3477662795
3436159263
3431960478
2927603127
2705406713
3526517370
3550032314
3396446795
3413150945
3162566044
3425726710
3540268758
3438126404
2166396868
2847184718